0.85706399846822023 0.67462896276265383
0.4889824315905571 0.32773156929761171
0.18448774982243776 0.68561270926147699
0.092809923458844423 0.85638429876416922
0.25091603165492415 0.14574598800390959
0.55282152211293578 0.27132647857069969
0.18412746116518974 0.63024124410003424
0.46459452155977488 0.44012749101966619
0.22274501202628016 0.67541886866092682
0.7649308699183166 0.19313670368865132
0.048580406699329615 0.49089577561244369
0.48530456004664302 0.51374450186267495
0.50384682649746537 0.15361688612028956
0.83900622557848692 0.17763986391946673
0.59319428447633982 0.81634383602067828
0.29085838841274381 0.4569363291375339
0.72888739034533501 0.41037523839622736
0.17663493705913424 0.70338853495195508
0.85111244209110737 0.64682088606059551
0.11863708263263106 0.9334487346932292
0.47289129439741373 0.88398863794282079
0.19704482331871986 0.7323470595292747
0.55703523987904191 0.091281006578356028
0.15987827675417066 0.07419865857809782
0.056855302769690752 0.56707409489899874
0.81431740522384644 0.23263597022742033
0.9127534325234592 0.646947565022856
0.24773040227591991 0.60487298993393779
0.10034655360504985 0.52452722517773509
0.72907766699790955 0.6083549396134913
0.62147484486922622 0.12772258091717958
0.63341847434639931 0.86430329689756036
0.34551772149279714 0.1163478335365653
0.4580391594208777 0.26415597135201097
0.66941258031874895 0.81724265590310097
0.39732415927574039 0.82714805658906698
0.87739356560632586 0.3536640121601522
0.031055143568664789 0.94379820115864277
0.4163742596283555 0.0021848324686288834
0.72047931700944901 0.095886616501957178
0.56636429857462645 0.88477057591080666
0.3390762573108077 0.85465927608311176
0.25845981761813164 0.93415673030540347
0.37217355379834771 0.12092160154134035
0.32935805153101683 0.52077465923503041
0.65970183862373233 0.60880691185593605
0.21777232736349106 0.099507702514529228
0.42595694027841091 0.058298592921346426
0.82445168495178223 0.55947543680667877
0.1036707884632051 0.39494251227006316
